VERTEXSHORT SHAD PRSP TEXT NEW nverts=20 ncoords=9 
  0.2500   0.5000   0.9000   0.0000   0.0000   1.0000   0.1250   0.0000   0.0000 
  0.2500   0.7500   0.9000   0.1000   0.1000   1.0000   0.1250   0.0000   0.1250 
  0.4878   0.4878   0.8000   0.0000   0.0000   1.0000   0.1220   0.1220   0.0000 
  0.4878   0.7317   0.8000   0.1000   0.1000   1.0000   0.1220   0.1220   0.1220 
  0.7143   0.4762   0.7000   0.0000   0.0000   1.0000   0.1190   0.2381   0.0000 
  0.7143   0.7143   0.7000   0.1000   0.1000   1.0000   0.1190   0.2381   0.1190 
  0.9302   0.4651   0.6000   0.0000   0.0000   1.0000   0.1163   0.3488   0.0000 
  0.9302   0.6977   0.6000   0.1000   0.1000   1.0000   0.1163   0.3488   0.1163 
  1.1364   0.4545   0.5000   0.0000   0.0000   1.0000   0.1136   0.4545   0.0000 
  1.1364   0.6818   0.5000   0.1000   0.1000   1.0000   0.1136   0.4545   0.1136 
  1.3333   0.4444   0.4000   0.0000   0.0000   1.0000   0.1111   0.5556   0.0000 
  1.3333   0.6667   0.4000   0.1000   0.1000   1.0000   0.1111   0.5556   0.1111 
  1.5217   0.4348   0.3000   0.0000   0.0000   1.0000   0.1087   0.6522   0.0000 
  1.5217   0.6522   0.3000   0.1000   0.1000   1.0000   0.1087   0.6522   0.1087 
  1.7021   0.4255   0.2000   0.0000   0.0000   1.0000   0.1064   0.7447   0.0000 
  1.7021   0.6383   0.2000   0.1000   0.1000   1.0000   0.1064   0.7447   0.1064 
  1.8750   0.4167   0.1000   0.0000   0.0000   1.0000   0.1042   0.8333   0.0000 
  1.8750   0.6250   0.1000   0.1000   0.1000   1.0000   0.1042   0.8333   0.1042 
  2.0408   0.4082   0.0000   0.0000   0.0000   1.0000   0.1020   0.9184   0.0000 
  2.0408   0.6122   0.0000   0.1000   0.1000   1.0000   0.1020   0.9184   0.1020 
VERTEXSHORT SHAD PRSP TEXT NEW nverts=20 ncoords=9 
  0.2500   0.7500   0.9000   0.1000   0.1000   1.0000   0.1250   0.0000   0.1250 
  0.2500   1.0000   0.9000   0.2000   0.2000   1.0000   0.1250   0.0000   0.2500 
  0.4878   0.7317   0.8000   0.1000   0.1000   1.0000   0.1220   0.1220   0.1220 
  0.4878   0.9756   0.8000   0.2000   0.2000   1.0000   0.1220   0.1220   0.2439 
  0.7143   0.7143   0.7000   0.1000   0.1000   1.0000   0.1190   0.2381   0.1190 
  0.7143   0.9524   0.7000   0.2000   0.2000   1.0000   0.1190   0.2381   0.2381 
  0.9302   0.6977   0.6000   0.1000   0.1000   1.0000   0.1163   0.3488   0.1163 
  0.9302   0.9302   0.6000   0.2000   0.2000   1.0000   0.1163   0.3488   0.2326 
  1.1364   0.6818   0.5000   0.1000   0.1000   1.0000   0.1136   0.4545   0.1136 
  1.1364   0.9091   0.5000   0.2000   0.2000   1.0000   0.1136   0.4545   0.2273 
  1.3333   0.6667   0.4000   0.1000   0.1000   1.0000   0.1111   0.5556   0.1111 
  1.3333   0.8889   0.4000   0.2000   0.2000   1.0000   0.1111   0.5556   0.2222 
  1.5217   0.6522   0.3000   0.1000   0.1000   1.0000   0.1087   0.6522   0.1087 
  1.5217   0.8696   0.3000   0.2000   0.2000   1.0000   0.1087   0.6522   0.2174 
  1.7021   0.6383   0.2000   0.1000   0.1000   1.0000   0.1064   0.7447   0.1064 
  1.7021   0.8511   0.2000   0.2000   0.2000   1.0000   0.1064   0.7447   0.2128 
  1.8750   0.6250   0.1000   0.1000   0.1000   1.0000   0.1042   0.8333   0.1042 
  1.8750   0.8333   0.1000   0.2000   0.2000   1.0000   0.1042   0.8333   0.2083 
  2.0408   0.6122   0.0000   0.1000   0.1000   1.0000   0.1020   0.9184   0.1020 
  2.0408   0.8163   0.0000   0.2000   0.2000   1.0000   0.1020   0.9184   0.2041 
VERTEXSHORT SHAD PRSP TEXT NEW nverts=20 ncoords=9 
  0.2500   1.0000   0.9000   0.2000   0.2000   1.0000   0.1250   0.0000   0.2500 
  0.2500   1.2500   0.9000   0.3000   0.3000   1.0000   0.1250   0.0000   0.3750 
  0.4878   0.9756   0.8000   0.2000   0.2000   1.0000   0.1220   0.1220   0.2439 
  0.4878   1.2195   0.8000   0.3000   0.3000   1.0000   0.1220   0.1220   0.3659 
  0.7143   0.9524   0.7000   0.2000   0.2000   1.0000   0.1190   0.2381   0.2381 
  0.7143   1.1905   0.7000   0.3000   0.3000   1.0000   0.1190   0.2381   0.3571 
  0.9302   0.9302   0.6000   0.2000   0.2000   1.0000   0.1163   0.3488   0.2326 
  0.9302   1.1628   0.6000   0.3000   0.3000   1.0000   0.1163   0.3488   0.3488 
  1.1364   0.9091   0.5000   0.2000   0.2000   1.0000   0.1136   0.4545   0.2273 
  1.1364   1.1364   0.5000   0.3000   0.3000   1.0000   0.1136   0.4545   0.3409 
  1.3333   0.8889   0.4000   0.2000   0.2000   1.0000   0.1111   0.5556   0.2222 
  1.3333   1.1111   0.4000   0.3000   0.3000   1.0000   0.1111   0.5556   0.3333 
  1.5217   0.8696   0.3000   0.2000   0.2000   1.0000   0.1087   0.6522   0.2174 
  1.5217   1.0870   0.3000   0.3000   0.3000   1.0000   0.1087   0.6522   0.3261 
  1.7021   0.8511   0.2000   0.2000   0.2000   1.0000   0.1064   0.7447   0.2128 
  1.7021   1.0638   0.2000   0.3000   0.3000   1.0000   0.1064   0.7447   0.3191 
  1.8750   0.8333   0.1000   0.2000   0.2000   1.0000   0.1042   0.8333   0.2083 
  1.8750   1.0417   0.1000   0.3000   0.3000   1.0000   0.1042   0.8333   0.3125 
  2.0408   0.8163   0.0000   0.2000   0.2000   1.0000   0.1020   0.9184   0.2041 
  2.0408   1.0204   0.0000   0.3000   0.3000   1.0000   0.1020   0.9184   0.3061 
VERTEXSHORT SHAD PRSP TEXT NEW nverts=20 ncoords=9 
  0.2500   1.2500   0.9000   0.3000   0.3000   1.0000   0.1250   0.0000   0.3750 
  0.2500   1.5000   0.9000   0.4000   0.4000   1.0000   0.1250   0.0000   0.5000 
  0.4878   1.2195   0.8000   0.3000   0.3000   1.0000   0.1220   0.1220   0.3659 
  0.4878   1.4634   0.8000   0.4000   0.4000   1.0000   0.1220   0.1220   0.4878 
  0.7143   1.1905   0.7000   0.3000   0.3000   1.0000   0.1190   0.2381   0.3571 
  0.7143   1.4286   0.7000   0.4000   0.4000   1.0000   0.1190   0.2381   0.4762 
  0.9302   1.1628   0.6000   0.3000   0.3000   1.0000   0.1163   0.3488   0.3488 
  0.9302   1.3953   0.6000   0.4000   0.4000   1.0000   0.1163   0.3488   0.4651 
  1.1364   1.1364   0.5000   0.3000   0.3000   1.0000   0.1136   0.4545   0.3409 
  1.1364   1.3636   0.5000   0.4000   0.4000   1.0000   0.1136   0.4545   0.4545 
  1.3333   1.1111   0.4000   0.3000   0.3000   1.0000   0.1111   0.5556   0.3333 
  1.3333   1.3333   0.4000   0.4000   0.4000   1.0000   0.1111   0.5556   0.4444 
  1.5217   1.0870   0.3000   0.3000   0.3000   1.0000   0.1087   0.6522   0.3261 
  1.5217   1.3043   0.3000   0.4000   0.4000   1.0000   0.1087   0.6522   0.4348 
  1.7021   1.0638   0.2000   0.3000   0.3000   1.0000   0.1064   0.7447   0.3191 
  1.7021   1.2766   0.2000   0.4000   0.4000   1.0000   0.1064   0.7447   0.4255 
  1.8750   1.0417   0.1000   0.3000   0.3000   1.0000   0.1042   0.8333   0.3125 
  1.8750   1.2500   0.1000   0.4000   0.4000   1.0000   0.1042   0.8333   0.4167 
  2.0408   1.0204   0.0000   0.3000   0.3000   1.0000   0.1020   0.9184   0.3061 
  2.0408   1.2245   0.0000   0.4000   0.4000   1.0000   0.1020   0.9184   0.4082 
VERTEXSHORT SHAD PRSP TEXT NEW nverts=20 ncoords=9 
  0.2500   1.5000   0.9000   0.4000   0.4000   1.0000   0.1250   0.0000   0.5000 
  0.2500   1.7500   0.9000   0.5000   0.5000   1.0000   0.1250   0.0000   0.6250 
  0.4878   1.4634   0.8000   0.4000   0.4000   1.0000   0.1220   0.1220   0.4878 
  0.4878   1.7073   0.8000   0.5000   0.5000   1.0000   0.1220   0.1220   0.6098 
  0.7143   1.4286   0.7000   0.4000   0.4000   1.0000   0.1190   0.2381   0.4762 
  0.7143   1.6667   0.7000   0.5000   0.5000   1.0000   0.1190   0.2381   0.5952 
  0.9302   1.3953   0.6000   0.4000   0.4000   1.0000   0.1163   0.3488   0.4651 
  0.9302   1.6279   0.6000   0.5000   0.5000   1.0000   0.1163   0.3488   0.5814 
  1.1364   1.3636   0.5000   0.4000   0.4000   1.0000   0.1136   0.4545   0.4545 
  1.1364   1.5909   0.5000   0.5000   0.5000   1.0000   0.1136   0.4545   0.5682 
  1.3333   1.3333   0.4000   0.4000   0.4000   1.0000   0.1111   0.5556   0.4444 
  1.3333   1.5556   0.4000   0.5000   0.5000   1.0000   0.1111   0.5556   0.5556 
  1.5217   1.3043   0.3000   0.4000   0.4000   1.0000   0.1087   0.6522   0.4348 
  1.5217   1.5217   0.3000   0.5000   0.5000   1.0000   0.1087   0.6522   0.5435 
  1.7021   1.2766   0.2000   0.4000   0.4000   1.0000   0.1064   0.7447   0.4255 
  1.7021   1.4894   0.2000   0.5000   0.5000   1.0000   0.1064   0.7447   0.5319 
  1.8750   1.2500   0.1000   0.4000   0.4000   1.0000   0.1042   0.8333   0.4167 
  1.8750   1.4583   0.1000   0.5000   0.5000   1.0000   0.1042   0.8333   0.5208 
  2.0408   1.2245   0.0000   0.4000   0.4000   1.0000   0.1020   0.9184   0.4082 
  2.0408   1.4286   0.0000   0.5000   0.5000   1.0000   0.1020   0.9184   0.5102 
VERTEXSHORT SHAD PRSP TEXT NEW nverts=20 ncoords=9 
  0.2500   1.7500   0.9000   0.5000   0.5000   1.0000   0.1250   0.0000   0.6250 
  0.2500   2.0000   0.9000   0.6000   0.6000   1.0000   0.1250   0.0000   0.7500 
  0.4878   1.7073   0.8000   0.5000   0.5000   1.0000   0.1220   0.1220   0.6098 
  0.4878   1.9512   0.8000   0.6000   0.6000   1.0000   0.1220   0.1220   0.7317 
  0.7143   1.6667   0.7000   0.5000   0.5000   1.0000   0.1190   0.2381   0.5952 
  0.7143   1.9048   0.7000   0.6000   0.6000   1.0000   0.1190   0.2381   0.7143 
  0.9302   1.6279   0.6000   0.5000   0.5000   1.0000   0.1163   0.3488   0.5814 
  0.9302   1.8605   0.6000   0.6000   0.6000   1.0000   0.1163   0.3488   0.6977 
  1.1364   1.5909   0.5000   0.5000   0.5000   1.0000   0.1136   0.4545   0.5682 
  1.1364   1.8182   0.5000   0.6000   0.6000   1.0000   0.1136   0.4545   0.6818 
  1.3333   1.5556   0.4000   0.5000   0.5000   1.0000   0.1111   0.5556   0.5556 
  1.3333   1.7778   0.4000   0.6000   0.6000   1.0000   0.1111   0.5556   0.6667 
  1.5217   1.5217   0.3000   0.5000   0.5000   1.0000   0.1087   0.6522   0.5435 
  1.5217   1.7391   0.3000   0.6000   0.6000   1.0000   0.1087   0.6522   0.6522 
  1.7021   1.4894   0.2000   0.5000   0.5000   1.0000   0.1064   0.7447   0.5319 
  1.7021   1.7021   0.2000   0.6000   0.6000   1.0000   0.1064   0.7447   0.6383 
  1.8750   1.4583   0.1000   0.5000   0.5000   1.0000   0.1042   0.8333   0.5208 
  1.8750   1.6667   0.1000   0.6000   0.6000   1.0000   0.1042   0.8333   0.6250 
  2.0408   1.4286   0.0000   0.5000   0.5000   1.0000   0.1020   0.9184   0.5102 
  2.0408   1.6327   0.0000   0.6000   0.6000   1.0000   0.1020   0.9184   0.6122 
VERTEXSHORT SHAD PRSP TEXT NEW nverts=20 ncoords=9 
  0.2500   2.0000   0.9000   0.6000   0.6000   1.0000   0.1250   0.0000   0.7500 
  0.2500   2.2500   0.9000   0.7000   0.7000   1.0000   0.1250   0.0000   0.8750 
  0.4878   1.9512   0.8000   0.6000   0.6000   1.0000   0.1220   0.1220   0.7317 
  0.4878   2.1951   0.8000   0.7000   0.7000   1.0000   0.1220   0.1220   0.8537 
  0.7143   1.9048   0.7000   0.6000   0.6000   1.0000   0.1190   0.2381   0.7143 
  0.7143   2.1429   0.7000   0.7000   0.7000   1.0000   0.1190   0.2381   0.8333 
  0.9302   1.8605   0.6000   0.6000   0.6000   1.0000   0.1163   0.3488   0.6977 
  0.9302   2.0930   0.6000   0.7000   0.7000   1.0000   0.1163   0.3488   0.8140 
  1.1364   1.8182   0.5000   0.6000   0.6000   1.0000   0.1136   0.4545   0.6818 
  1.1364   2.0455   0.5000   0.7000   0.7000   1.0000   0.1136   0.4545   0.7955 
  1.3333   1.7778   0.4000   0.6000   0.6000   1.0000   0.1111   0.5556   0.6667 
  1.3333   2.0000   0.4000   0.7000   0.7000   1.0000   0.1111   0.5556   0.7778 
  1.5217   1.7391   0.3000   0.6000   0.6000   1.0000   0.1087   0.6522   0.6522 
  1.5217   1.9565   0.3000   0.7000   0.7000   1.0000   0.1087   0.6522   0.7609 
  1.7021   1.7021   0.2000   0.6000   0.6000   1.0000   0.1064   0.7447   0.6383 
  1.7021   1.9149   0.2000   0.7000   0.7000   1.0000   0.1064   0.7447   0.7447 
  1.8750   1.6667   0.1000   0.6000   0.6000   1.0000   0.1042   0.8333   0.6250 
  1.8750   1.8750   0.1000   0.7000   0.7000   1.0000   0.1042   0.8333   0.7292 
  2.0408   1.6327   0.0000   0.6000   0.6000   1.0000   0.1020   0.9184   0.6122 
  2.0408   1.8367   0.0000   0.7000   0.7000   1.0000   0.1020   0.9184   0.7143 
VERTEXSHORT SHAD PRSP TEXT NEW nverts=20 ncoords=9 
  0.2500   2.2500   0.9000   0.7000   0.7000   1.0000   0.1250   0.0000   0.8750 
  0.2500   2.5000   0.9000   0.8000   0.8000   1.0000   0.1250   0.0000   1.0000 
  0.4878   2.1951   0.8000   0.7000   0.7000   1.0000   0.1220   0.1220   0.8537 
  0.4878   2.4390   0.8000   0.8000   0.8000   1.0000   0.1220   0.1220   0.9756 
  0.7143   2.1429   0.7000   0.7000   0.7000   1.0000   0.1190   0.2381   0.8333 
  0.7143   2.3810   0.7000   0.8000   0.8000   1.0000   0.1190   0.2381   0.9524 
  0.9302   2.0930   0.6000   0.7000   0.7000   1.0000   0.1163   0.3488   0.8140 
  0.9302   2.3256   0.6000   0.8000   0.8000   1.0000   0.1163   0.3488   0.9302 
  1.1364   2.0455   0.5000   0.7000   0.7000   1.0000   0.1136   0.4545   0.7955 
  1.1364   2.2727   0.5000   0.8000   0.8000   1.0000   0.1136   0.4545   0.9091 
  1.3333   2.0000   0.4000   0.7000   0.7000   1.0000   0.1111   0.5556   0.7778 
  1.3333   2.2222   0.4000   0.8000   0.8000   1.0000   0.1111   0.5556   0.8889 
  1.5217   1.9565   0.3000   0.7000   0.7000   1.0000   0.1087   0.6522   0.7609 
  1.5217   2.1739   0.3000   0.8000   0.8000   1.0000   0.1087   0.6522   0.8696 
  1.7021   1.9149   0.2000   0.7000   0.7000   1.0000   0.1064   0.7447   0.7447 
  1.7021   2.1277   0.2000   0.8000   0.8000   1.0000   0.1064   0.7447   0.8511 
  1.8750   1.8750   0.1000   0.7000   0.7000   1.0000   0.1042   0.8333   0.7292 
  1.8750   2.0833   0.1000   0.8000   0.8000   1.0000   0.1042   0.8333   0.8333 
  2.0408   1.8367   0.0000   0.7000   0.7000   1.0000   0.1020   0.9184   0.7143 
  2.0408   2.0408   0.0000   0.8000   0.8000   1.0000   0.1020   0.9184   0.8163 
VERTEXSHORT SHAD PRSP TEXT NEW nverts=20 ncoords=9 
  0.2500   2.5000   0.9000   0.8000   0.8000   1.0000   0.1250   0.0000   1.0000 
  0.2500   2.7500   0.9000   0.9000   0.9000   1.0000   0.1250   0.0000   1.1250 
  0.4878   2.4390   0.8000   0.8000   0.8000   1.0000   0.1220   0.1220   0.9756 
  0.4878   2.6829   0.8000   0.9000   0.9000   1.0000   0.1220   0.1220   1.0976 
  0.7143   2.3810   0.7000   0.8000   0.8000   1.0000   0.1190   0.2381   0.9524 
  0.7143   2.6190   0.7000   0.9000   0.9000   1.0000   0.1190   0.2381   1.0714 
  0.9302   2.3256   0.6000   0.8000   0.8000   1.0000   0.1163   0.3488   0.9302 
  0.9302   2.5581   0.6000   0.9000   0.9000   1.0000   0.1163   0.3488   1.0465 
  1.1364   2.2727   0.5000   0.8000   0.8000   1.0000   0.1136   0.4545   0.9091 
  1.1364   2.5000   0.5000   0.9000   0.9000   1.0000   0.1136   0.4545   1.0227 
  1.3333   2.2222   0.4000   0.8000   0.8000   1.0000   0.1111   0.5556   0.8889 
  1.3333   2.4444   0.4000   0.9000   0.9000   1.0000   0.1111   0.5556   1.0000 
  1.5217   2.1739   0.3000   0.8000   0.8000   1.0000   0.1087   0.6522   0.8696 
  1.5217   2.3913   0.3000   0.9000   0.9000   1.0000   0.1087   0.6522   0.9783 
  1.7021   2.1277   0.2000   0.8000   0.8000   1.0000   0.1064   0.7447   0.8511 
  1.7021   2.3404   0.2000   0.9000   0.9000   1.0000   0.1064   0.7447   0.9574 
  1.8750   2.0833   0.1000   0.8000   0.8000   1.0000   0.1042   0.8333   0.8333 
  1.8750   2.2917   0.1000   0.9000   0.9000   1.0000   0.1042   0.8333   0.9375 
  2.0408   2.0408   0.0000   0.8000   0.8000   1.0000   0.1020   0.9184   0.8163 
  2.0408   2.2449   0.0000   0.9000   0.9000   1.0000   0.1020   0.9184   0.9184 
